8205
264
382
189
201
156
119
125
108
105
109
122
148
125
156
152
140
122
173
145
116
124
124
142
115
123
114
116
116
108
111
110
101
107
104
110
112
126
119
124
117
117
137
115
123
132
115
113
111
104
131
117
109
130
230
176
185
176
170
191
166
143
129
119
112
120
129
115
106
115
109
133
187
195
177
173
199
179
159
166
168
127
119
117
134
118
110
115
110
105
102
108
142
119
117
143
148
144
141
135
140
141
112
106
104
3959
292
196
173
161
170
144
139
146
149
145
143
136
152
136
130
118
110
106
140
113
113
99
110
102
98
103
107
100
108
147
102
101
106
121
100
107
125
106
112
106
102
106
112
113
121
113
108
103
108
110
106
104
109
115
110
110
103
110
108
102
112
108
108
102
133
115
105
106
107
108
108
108
107
102
107
107
106
107
102
105
107
112
105
106
107
114
103
100
97
102
103
115
108
111
109
107
116
107
105
129
108
110
103
108
104
104
106
108
116
118
107
102
106
111
105
112
106
107
107
111
109
108
116
123
260
152
101
105
105
99
103
133
135
111
104
99
107
103
102
104
99
101
117
112
114
114
100
104
111
110
110
107
115
112
108
109
106
108
111
108
116
144
174
163
127
147
174
149
175
166
163
103
102
103
97
103
106
127
111
134
112
103
101
103
99
103
101
101
108
128
123
110
106
106
101
101
102
110
100
108
119
106
109
111
104
112
110
105
101
104
125
113
118
129
108
100
99
100
98
104
108
109
453
226
102
140
107
115
134
162
112
190
139
155
116
110
109
105
136
129
117
133
107
112
166
144
156
147
416
187
178
166
160
147
174
170
163
160
170
158
153
163
160
162
162
175
177
168
161
165
173
165
163
173
161
169
163
189
122
129
116
178
153
144
180
159
142
120
115
119
139
109
107
102
96
117
100
99
100
99
97
101
97
104
98
99
126
184
217
194
159
192
132
268
247
126
154
156
128
143
125
102
121
107
108
112
177
160
165
160
119
166
186
156
203
149
140
143
127
126
114
102
103
115
125
96
92
101
100
188
192
161
187
134
127
103
145
126
115
109
113
179
168
113
139
116
126
108
178
150
151
142
297
122
161
135
135
116
98
143
145
146
157
153
158
157
153
193
152
158
155
151
152
163
166
225
191
156
179
162
144
145
146
173
227
177
254
173
167
203
156
162
174
138
113
173
169
161
173
158
155
150
153
152
163
159
154
207
148
141
108
152
131
118
113
114
109
153
162
144
125
133
118
144
139
119
101
111
121
152
158
161
159
154
152
154
125
128
121
113
111
115
203
120
116
125
107
105
169
127
104
106
104
104
108
97
99
103
100
105
127
126
110
109
103
109
118
100
106
101
110
138
123
115
285
200
120
115
111
104
125
151
150
151
124
182
161
157
156
152
155
158
162
183
165
150
159
114
137
151
198
164
164
198
127
110
106
101
109
173
165
161
157
154
155
153
159
154
131
110
111
109
115
132
112
104
108
102
228
106
106
123
141
130
183
155
142
143
141
134
132
137
142
137
139
136
136
139
140
138
133
140
136
136
134
156
181
153
145
148
147
145
142
141
126
130
140
144
162
167
149
141
139
143
137
145
161
161
147
143
140
167
124
142
142
140
143
137
138
146
143
182
168
165
165
158
159
161
156
410
282
173
161
161
192
169
148
148
146
140
145
147
153
154
107
102
104
101
106
146
127
118
121
141
122
119
115
112
101
108
108
126
110
113
145
114
116
103
98
102
101
100
99
101
99
137
139
151
136
141
108
106
130
122
105
115
102
104
102
124
145
139
135
135
135
140
170
138
136
136
139
133
138
130
108
107
107
128
103
112
186
116
108
106
115
98
118
106
110
99
119
96
106
106
99
98
103
98
125
108
97
97
116
112
102
119
100
110
107
123
99
110
99
114
104
118
150
108
107
194
278
234
125
129
123
189
175
113
152
105
101
149
137
108
99
109
115
105
105
138
121
123
122
123
110
113
113
110
114
115
115
121
106
107
111
114
118
118
116
106
99
133
124
113
108
104
110
107
102
101
175
148
144
148
143
147
141
146
144
137
129
133
138
137
134
141
135
134
134
134
144
128
134
136
146
139
134
136
151
136
136
132
133
137
133
130
129
136
139
137
137
132
135
132
135
132
130
137
159
133
135
130
140
134
138
139
131
135
135
138
139
133
134
136
134
134
131
136
139
138
132
137
135
377
178
164
156
160
156
159
162
155
157
162
130
116
158
146
152
147
141
137
126
125
134
128
131
143
139
149
140
175
141
147
